spec:specs/swinv-conv-32x5.json
build:matrices/32-cond_keep-32,5 density(0.0009765625) [0.048479862]
Using newly-built matrices/32-cond_keep-32,5
load:matrices/32,5-col_rots_no_group-32,5 [0.238093785]
mul:32-cond_keep-32,5_32,5-col_rots_no_group-32,5 density(0.62625) [6.508718663]
load:matrices/32,5-col_fans_no_group-32,5 [0.273645109]
mul:32-cond_keep-32,5_32,5-col_rots_no_group-32,5_32,5-col_fans_no_group-32,5 density(0.909267578125) [5.470365286]
Begin search
[0] [0, 1] [1, 2, 3, 4, 5, 6, 7, 8, 9, 10, 11, 12, 13, 14, 15, 16, 17, 18, 19, 20, 21, 22, 23, 24, 25, 26, 27, 28, 29, 30, 31, 32, 33, 34, 35, 36] 0
0 success
id;load_trunc:
[[0, 32],
 [1, 33],
 [2, 34],
 [3, 35],
 [4, ⊥],
 [5, ⊥],
 [6, ⊥],
 [7, ⊥],
 [8, ⊥],
 [9, ⊥],
 [10, ⊥],
 [11, ⊥],
 [12, ⊥],
 [13, ⊥],
 [14, ⊥],
 [15, ⊥],
 [16, ⊥],
 [17, ⊥],
 [18, ⊥],
 [19, ⊥],
 [20, ⊥],
 [21, ⊥],
 [22, ⊥],
 [23, ⊥],
 [24, ⊥],
 [25, ⊥],
 [26, ⊥],
 [27, ⊥],
 [28, ⊥],
 [29, ⊥],
 [30, ⊥],
 [31, ⊥]]
1 success
id;broadcast:
[[36, 37, 38, 39, 40],
 [36, 37, 38, 39, 40],
 [36, 37, 38, 39, 40],
 [36, 37, 38, 39, 40],
 [36, 37, 38, 39, 40],
 [36, 37, 38, 39, 40],
 [36, 37, 38, 39, 40],
 [36, 37, 38, 39, 40],
 [36, 37, 38, 39, 40],
 [36, 37, 38, 39, 40],
 [36, 37, 38, 39, 40],
 [36, 37, 38, 39, 40],
 [36, 37, 38, 39, 40],
 [36, 37, 38, 39, 40],
 [36, 37, 38, 39, 40],
 [36, 37, 38, 39, 40],
 [36, 37, 38, 39, 40],
 [36, 37, 38, 39, 40],
 [36, 37, 38, 39, 40],
 [36, 37, 38, 39, 40],
 [36, 37, 38, 39, 40],
 [36, 37, 38, 39, 40],
 [36, 37, 38, 39, 40],
 [36, 37, 38, 39, 40],
 [36, 37, 38, 39, 40],
 [36, 37, 38, 39, 40],
 [36, 37, 38, 39, 40],
 [36, 37, 38, 39, 40],
 [36, 37, 38, 39, 40],
 [36, 37, 38, 39, 40],
 [36, 37, 38, 39, 40],
 [36, 37, 38, 39, 40]]
2 success
id;broadcast;id:
[[36, 37, 38, 39, 40],
 [36, 37, 38, 39, 40],
 [36, 37, 38, 39, 40],
 [36, 37, 38, 39, 40],
 [36, 37, 38, 39, 40],
 [36, 37, 38, 39, 40],
 [36, 37, 38, 39, 40],
 [36, 37, 38, 39, 40],
 [36, 37, 38, 39, 40],
 [36, 37, 38, 39, 40],
 [36, 37, 38, 39, 40],
 [36, 37, 38, 39, 40],
 [36, 37, 38, 39, 40],
 [36, 37, 38, 39, 40],
 [36, 37, 38, 39, 40],
 [36, 37, 38, 39, 40],
 [36, 37, 38, 39, 40],
 [36, 37, 38, 39, 40],
 [36, 37, 38, 39, 40],
 [36, 37, 38, 39, 40],
 [36, 37, 38, 39, 40],
 [36, 37, 38, 39, 40],
 [36, 37, 38, 39, 40],
 [36, 37, 38, 39, 40],
 [36, 37, 38, 39, 40],
 [36, 37, 38, 39, 40],
 [36, 37, 38, 39, 40],
 [36, 37, 38, 39, 40],
 [36, 37, 38, 39, 40],
 [36, 37, 38, 39, 40],
 [36, 37, 38, 39, 40],
 [36, 37, 38, 39, 40]]
3 success
id;load_trunc;select(d0 > d1 + -1):
[[0, 32, 32, 32, 32],
 [1, 1, 33, 33, 33],
 [2, 2, 2, 34, 34],
 [3, 3, 3, 3, 35],
 [4, 4, 4, 4, 4],
 [5, 5, 5, 5, 5],
 [6, 6, 6, 6, 6],
 [7, 7, 7, 7, 7],
 [8, 8, 8, 8, 8],
 [9, 9, 9, 9, 9],
 [10, 10, 10, 10, 10],
 [11, 11, 11, 11, 11],
 [12, 12, 12, 12, 12],
 [13, 13, 13, 13, 13],
 [14, 14, 14, 14, 14],
 [15, 15, 15, 15, 15],
 [16, 16, 16, 16, 16],
 [17, 17, 17, 17, 17],
 [18, 18, 18, 18, 18],
 [19, 19, 19, 19, 19],
 [20, 20, 20, 20, 20],
 [21, 21, 21, 21, 21],
 [22, 22, 22, 22, 22],
 [23, 23, 23, 23, 23],
 [24, 24, 24, 24, 24],
 [25, 25, 25, 25, 25],
 [26, 26, 26, 26, 26],
 [27, 27, 27, 27, 27],
 [28, 28, 28, 28, 28],
 [29, 29, 29, 29, 29],
 [30, 30, 30, 30, 30],
 [31, 31, 31, 31, 31]]
4 success
id;load_trunc;select(d0 > d1 + -1);fan(26,9):
[[0, 32, 32, 32, 32],
 [9, 3, 29, 23, 17],
 [18, 6, 26, 14, 34],
 [27, 9, 23, 5, 19],
 [4, 12, 20, 28, 4],
 [13, 15, 17, 19, 21],
 [22, 18, 14, 10, 6],
 [31, 21, 11, 33, 23],
 [8, 24, 8, 24, 8],
 [17, 27, 5, 15, 25],
 [26, 30, 2, 6, 10],
 [3, 1, 31, 29, 27],
 [12, 4, 28, 20, 12],
 [21, 7, 25, 11, 29],
 [30, 10, 22, 34, 14],
 [7, 13, 19, 25, 31],
 [16, 16, 16, 16, 16],
 [25, 19, 13, 7, 33],
 [2, 22, 10, 30, 18],
 [11, 25, 7, 21, 35],
 [20, 28, 4, 12, 20],
 [29, 31, 33, 3, 5],
 [6, 2, 30, 26, 22],
 [15, 5, 27, 17, 7],
 [24, 8, 24, 8, 24],
 [1, 11, 21, 31, 9],
 [10, 14, 18, 22, 26],
 [19, 17, 15, 13, 11],
 [28, 20, 12, 4, 28],
 [5, 23, 9, 27, 13],
 [14, 26, 6, 18, 30],
 [23, 29, 3, 9, 15]]
4 success
id;load_trunc;select(d0 > d1 + -1);fan(3,18):
[[0, 32, 32, 32, 32],
 [18, 21, 24, 27, 30],
 [4, 10, 16, 22, 28],
 [22, 31, 8, 17, 26],
 [8, 20, 33, 12, 24],
 [26, 9, 25, 7, 22],
 [12, 30, 17, 34, 20],
 [30, 19, 9, 29, 18],
 [16, 8, 2, 24, 16],
 [2, 29, 26, 19, 14],
 [20, 18, 18, 14, 12],
 [6, 7, 10, 9, 10],
 [24, 28, 3, 4, 8],
 [10, 17, 27, 31, 6],
 [28, 6, 19, 26, 4],
 [14, 27, 11, 21, 34],
 [1, 16, 4, 16, 33],
 [19, 5, 28, 11, 31],
 [5, 26, 20, 6, 29],
 [23, 15, 12, 33, 27],
 [9, 4, 5, 28, 25],
 [27, 25, 29, 23, 23],
 [13, 14, 21, 18, 21],
 [31, 3, 13, 13, 19],
 [17, 24, 6, 8, 17],
 [3, 13, 30, 3, 15],
 [21, 2, 22, 30, 13],
 [7, 23, 14, 25, 11],
 [25, 12, 7, 20, 9],
 [11, 1, 31, 15, 7],
 [29, 22, 23, 10, 5],
 [15, 11, 15, 5, 35]]
pruned 0, 35, 0, 31
4 success
id;load_trunc;select(d0 > d1 + -1);fan(3,25):
[[0, 32, 32, 32, 32],
 [25, 28, 31, 34, 5],
 [18, 24, 30, 4, 10],
 [11, 20, 29, 6, 15],
 [4, 16, 28, 8, 20],
 [29, 12, 27, 10, 25],
 [22, 8, 26, 12, 30],
 [15, 4, 25, 14, 35],
 [8, 1, 24, 16, 8],
 [1, 29, 23, 18, 13],
 [26, 25, 22, 20, 18],
 [19, 21, 21, 22, 23],
 [12, 17, 20, 24, 28],
 [5, 13, 19, 26, 33],
 [30, 9, 18, 28, 6],
 [23, 5, 17, 30, 11],
 [16, 2, 16, 33, 16],
 [9, 30, 15, 3, 21],
 [2, 26, 14, 5, 26],
 [27, 22, 13, 7, 31],
 [20, 18, 12, 9, 4],
 [13, 14, 11, 11, 9],
 [6, 10, 10, 13, 14],
 [31, 6, 9, 15, 19],
 [24, 3, 8, 17, 24],
 [17, 31, 7, 19, 29],
 [10, 27, 6, 21, 34],
 [3, 23, 5, 23, 7],
 [28, 19, 4, 25, 12],
 [21, 15, 3, 27, 17],
 [14, 11, 2, 29, 22],
 [7, 7, 33, 31, 27]]
pruned 0, 35, 0, 31
pruned 0, 35, 0, 31
pruned 0, 35, 0, 31
pruned 0, 35, 0, 31
pruned 0, 35, 0, 31
pruned 0, 35, 0, 31
pruned 0, 35, 0, 31
pruned 0, 35, 0, 31
pruned 0, 35, 0, 31
pruned 0, 35, 0, 31
pruned 0, 35, 0, 31
pruned 0, 35, 0, 31
pruned 0, 35, 0, 31
pruned 0, 35, 0, 31
pruned 0, 35, 0, 31
pruned 0, 35, 0, 31
pruned 0, 35, 0, 31
pruned 0, 35, 0, 31
pruned 0, 35, 0, 31
pruned 0, 35, 0, 31
pruned 0, 35, 0, 31
pruned 0, 35, 0, 31
pruned 0, 35, 0, 31
pruned 0, 35, 0, 31
pruned 0, 35, 0, 31
pruned 0, 35, 0, 31
pruned 0, 35, 0, 31
pruned 0, 35, 0, 31
pruned 0, 35, 0, 31
pruned 0, 35, 0, 31
pruned 0, 35, 0, 31
pruned 0, 35, 0, 31
pruned 0, 35, 0, 31
pruned 0, 35, 0, 31
pruned 0, 35, 0, 31
pruned 0, 35, 0, 31
pruned 0, 35, 0, 31
pruned 0, 35, 0, 31
pruned 0, 35, 0, 31
pruned 0, 35, 0, 31
pruned 0, 35, 0, 31
pruned 0, 35, 0, 31
pruned 0, 35, 0, 31
pruned 0, 35, 0, 31
pruned 0, 35, 0, 31
pruned 0, 35, 0, 31
pruned 0, 35, 0, 31
pruned 0, 35, 0, 31
pruned 0, 35, 0, 31
pruned 0, 35, 0, 31
pruned 0, 35, 0, 31
pruned 0, 35, 0, 31
pruned 0, 35, 0, 31
pruned 0, 35, 0, 31
pruned 0, 35, 0, 31
pruned 0, 35, 0, 31
pruned 0, 35, 0, 31
pruned 0, 35, 0, 31
pruned 0, 35, 0, 31
pruned 0, 35, 0, 31
pruned 0, 35, 0, 31
pruned 0, 35, 0, 31
pruned 0, 35, 0, 31
pruned 0, 35, 0, 31
pruned 0, 35, 0, 31
pruned 0, 35, 0, 31
pruned 0, 35, 0, 31
pruned 0, 35, 0, 31
pruned 0, 35, 0, 31
pruned 0, 35, 0, 31
pruned 0, 35, 0, 31
pruned 0, 35, 0, 31
pruned 0, 35, 0, 31
pruned 0, 35, 0, 31
pruned 0, 35, 0, 31
pruned 0, 35, 0, 31
pruned 0, 35, 0, 31
pruned 0, 35, 0, 31
pruned 0, 35, 0, 31
pruned 0, 35, 0, 31
pruned 0, 35, 0, 31
pruned 0, 35, 0, 31
pruned 0, 35, 0, 31
pruned 0, 35, 0, 31
pruned 0, 35, 0, 31
pruned 0, 35, 0, 31
pruned 0, 35, 0, 31
pruned 0, 35, 0, 31
pruned 0, 35, 0, 31
pruned 0, 35, 0, 31
pruned 0, 35, 0, 31
pruned 0, 35, 0, 31
pruned 0, 35, 0, 31
pruned 0, 35, 0, 31
pruned 0, 35, 0, 31
pruned 0, 35, 0, 31
pruned 0, 35, 0, 31
pruned 0, 35, 0, 31
pruned 0, 35, 0, 31
pruned 0, 35, 0, 31
pruned 0, 35, 0, 31
pruned 0, 35, 0, 31
pruned 0, 35, 0, 31
pruned 0, 35, 0, 31
pruned 0, 35, 0, 31
pruned 0, 35, 0, 31
pruned 0, 35, 0, 31
pruned 0, 35, 0, 31
pruned 0, 35, 0, 31
pruned 0, 35, 0, 31
pruned 0, 35, 0, 31
pruned 0, 35, 0, 31
pruned 0, 35, 0, 31
pruned 0, 35, 0, 31
pruned 0, 35, 0, 31
pruned 0, 35, 0, 31
pruned 0, 35, 0, 31
pruned 0, 35, 0, 31
pruned 0, 35, 0, 31
pruned 0, 35, 0, 31
pruned 0, 35, 0, 31
pruned 0, 35, 0, 31
pruned 0, 35, 0, 31
pruned 0, 35, 0, 31
pruned 0, 35, 0, 31
pruned 0, 35, 0, 31
pruned 0, 35, 0, 31
pruned 0, 35, 0, 31
pruned 0, 35, 0, 31
pruned 0, 35, 0, 31
pruned 0, 35, 0, 31
pruned 0, 35, 0, 31
pruned 0, 35, 0, 31
pruned 0, 35, 0, 31
pruned 0, 35, 0, 31
pruned 0, 35, 0, 31
pruned 0, 35, 0, 31
pruned 0, 35, 0, 31
pruned 0, 35, 0, 31
pruned 0, 35, 0, 31
pruned 0, 35, 0, 31
pruned 0, 35, 0, 31
pruned 0, 35, 0, 31
pruned 0, 35, 0, 31
pruned 0, 35, 0, 31
pruned 0, 35, 0, 31
pruned 0, 35, 0, 31
pruned 0, 35, 0, 31
pruned 0, 35, 0, 31
pruned 0, 35, 0, 31
pruned 0, 35, 0, 31
pruned 0, 35, 0, 31
pruned 0, 35, 0, 31
pruned 0, 35, 0, 31
pruned 0, 35, 0, 31
pruned 0, 35, 0, 31
pruned 0, 35, 0, 31
pruned 0, 35, 0, 31
pruned 0, 35, 0, 31
pruned 0, 35, 0, 31
pruned 0, 35, 0, 31
pruned 0, 35, 0, 31
pruned 0, 35, 0, 31
pruned 0, 35, 0, 31
pruned 0, 35, 0, 31
pruned 0, 35, 0, 31
pruned 0, 35, 0, 31
pruned 0, 35, 0, 31
pruned 0, 35, 0, 31
pruned 0, 35, 0, 31
pruned 0, 35, 0, 31
pruned 0, 35, 0, 31
pruned 0, 35, 0, 31
pruned 0, 35, 0, 31
pruned 0, 35, 0, 31
pruned 0, 35, 0, 31
pruned 0, 35, 0, 31
pruned 0, 35, 0, 31
pruned 0, 35, 0, 31
pruned 0, 35, 0, 31
pruned 0, 35, 0, 31
pruned 0, 35, 0, 31
pruned 0, 35, 0, 31
pruned 0, 35, 0, 31
pruned 0, 35, 0, 31
pruned 0, 35, 0, 31
pruned 0, 35, 0, 31
pruned 0, 35, 0, 31
pruned 0, 35, 0, 31
pruned 0, 35, 0, 31
pruned 0, 35, 0, 31
pruned 0, 35, 0, 31
pruned 0, 35, 0, 31
pruned 0, 35, 0, 31
pruned 0, 35, 0, 31
pruned 0, 35, 0, 31
pruned 0, 35, 0, 31
pruned 0, 35, 0, 31
pruned 0, 35, 0, 31
pruned 0, 35, 0, 31
pruned 0, 35, 0, 31
pruned 0, 35, 0, 31
pruned 0, 35, 0, 31
pruned 0, 35, 0, 31
pruned 0, 35, 0, 31
pruned 0, 35, 0, 31
pruned 0, 35, 0, 31
pruned 0, 35, 0, 31
pruned 0, 35, 0, 31
pruned 0, 35, 0, 31
pruned 0, 35, 0, 31
pruned 0, 35, 0, 31
pruned 0, 35, 0, 31
pruned 0, 35, 0, 31
pruned 0, 35, 0, 31
pruned 0, 35, 0, 31
pruned 0, 35, 0, 31
pruned 0, 35, 0, 31
pruned 0, 35, 0, 31
pruned 0, 35, 0, 31
pruned 0, 35, 0, 31
pruned 0, 35, 0, 31
pruned 0, 35, 0, 31
pruned 0, 35, 0, 31
pruned 0, 35, 0, 31
pruned 0, 35, 0, 31
pruned 0, 35, 0, 31
pruned 0, 35, 0, 31
pruned 0, 35, 0, 31
pruned 0, 35, 0, 31
pruned 0, 35, 0, 31
pruned 0, 35, 0, 31
pruned 0, 35, 0, 31
pruned 0, 35, 0, 31
pruned 0, 35, 0, 31
pruned 0, 35, 0, 31
pruned 0, 35, 0, 31
pruned 0, 35, 0, 31
pruned 0, 35, 0, 31
pruned 0, 35, 0, 31
pruned 0, 35, 0, 31
pruned 0, 35, 0, 31
pruned 0, 35, 0, 31
pruned 0, 35, 0, 31
pruned 0, 35, 0, 31
pruned 0, 35, 0, 31
pruned 0, 35, 0, 31
pruned 0, 35, 0, 31
pruned 0, 35, 0, 31
pruned 0, 35, 0, 31
pruned 0, 35, 0, 31
pruned 0, 35, 0, 31
pruned 0, 35, 0, 31
pruned 0, 35, 0, 31
pruned 0, 35, 0, 31
pruned 0, 35, 0, 31
pruned 0, 35, 0, 31
pruned 0, 35, 0, 31
pruned 0, 35, 0, 31
pruned 0, 35, 0, 31
pruned 0, 35, 0, 31
pruned 0, 35, 0, 31
pruned 0, 35, 0, 31
pruned 0, 35, 0, 31
pruned 0, 35, 0, 31
pruned 0, 35, 0, 31
pruned 0, 35, 0, 31
pruned 0, 35, 0, 31
pruned 0, 35, 0, 31
pruned 0, 35, 0, 31
pruned 0, 35, 0, 31
pruned 0, 35, 0, 31
pruned 0, 35, 0, 31
pruned 0, 35, 0, 31
pruned 0, 35, 0, 31
pruned 0, 35, 0, 31
pruned 0, 35, 0, 31
pruned 0, 35, 0, 31
pruned 0, 35, 0, 31
pruned 0, 35, 0, 31
pruned 0, 35, 0, 31
pruned 0, 35, 0, 31
pruned 0, 35, 0, 31
pruned 0, 35, 0, 31
pruned 0, 35, 0, 31
pruned 0, 35, 0, 31
pruned 0, 35, 0, 31
pruned 0, 35, 0, 31
pruned 0, 35, 0, 31
pruned 0, 35, 0, 31
pruned 0, 35, 0, 31
pruned 0, 35, 0, 31
pruned 0, 35, 0, 31
pruned 0, 35, 0, 31
pruned 0, 35, 0, 31
pruned 0, 35, 0, 31
pruned 0, 35, 0, 31
pruned 0, 35, 0, 31
pruned 0, 35, 0, 31
pruned 0, 35, 0, 31
pruned 0, 35, 0, 31
pruned 0, 35, 0, 31
pruned 0, 35, 0, 31
pruned 0, 35, 0, 31
pruned 0, 35, 0, 31
pruned 0, 35, 0, 31
pruned 0, 35, 0, 31
pruned 0, 35, 0, 31
pruned 0, 35, 0, 31
pruned 0, 35, 0, 31
pruned 0, 35, 0, 31
pruned 0, 35, 0, 31
pruned 0, 35, 0, 31
pruned 0, 35, 0, 31
pruned 0, 35, 0, 31
pruned 0, 35, 0, 31
pruned 0, 35, 0, 31
pruned 0, 35, 0, 31
pruned 0, 35, 0, 31
pruned 0, 35, 0, 31
pruned 0, 35, 0, 31
pruned 0, 35, 0, 31
pruned 0, 35, 0, 31
pruned 0, 35, 0, 31
pruned 0, 35, 0, 31
pruned 0, 35, 0, 31
pruned 0, 35, 0, 31
pruned 0, 35, 0, 31
pruned 0, 35, 0, 31
pruned 0, 35, 0, 31
pruned 0, 35, 0, 31
pruned 0, 35, 0, 31
pruned 0, 35, 0, 31
pruned 0, 35, 0, 31
pruned 0, 35, 0, 31
pruned 0, 35, 0, 31
pruned 0, 35, 0, 31
pruned 0, 35, 0, 31
pruned 0, 35, 0, 31
pruned 0, 35, 0, 31
pruned 0, 35, 0, 31
pruned 0, 35, 0, 31
pruned 0, 35, 0, 31
pruned 0, 35, 0, 31
pruned 0, 35, 0, 31
pruned 0, 35, 0, 31
pruned 0, 35, 0, 31
pruned 0, 35, 0, 31
pruned 0, 35, 0, 31
pruned 0, 35, 0, 31
pruned 0, 35, 0, 31
pruned 0, 35, 0, 31
pruned 0, 35, 0, 31
pruned 0, 35, 0, 31
pruned 0, 35, 0, 31
pruned 0, 35, 0, 31
pruned 0, 35, 0, 31
pruned 0, 35, 0, 31
pruned 0, 35, 0, 31
pruned 0, 35, 0, 31
pruned 0, 35, 0, 31
pruned 0, 35, 0, 31
pruned 0, 35, 0, 31
pruned 0, 35, 0, 31
pruned 0, 35, 0, 31
pruned 0, 35, 0, 31
pruned 0, 35, 0, 31
pruned 0, 35, 0, 31
pruned 0, 35, 0, 31
pruned 0, 35, 0, 31
pruned 0, 35, 0, 31
pruned 0, 35, 0, 31
pruned 0, 35, 0, 31
pruned 0, 35, 0, 31
pruned 0, 35, 0, 31
pruned 0, 35, 0, 31
pruned 0, 35, 0, 31
pruned 0, 35, 0, 31
pruned 0, 35, 0, 31
pruned 0, 35, 0, 31
pruned 0, 35, 0, 31
pruned 0, 35, 0, 31
pruned 0, 35, 0, 31
pruned 0, 35, 0, 31
pruned 0, 35, 0, 31
pruned 0, 35, 0, 31
pruned 0, 35, 0, 31
pruned 0, 35, 0, 31
pruned 0, 35, 0, 31
pruned 0, 35, 0, 31
pruned 0, 35, 0, 31
pruned 0, 35, 0, 31
pruned 0, 35, 0, 31
pruned 0, 35, 0, 31
pruned 0, 35, 0, 31
pruned 0, 35, 0, 31
pruned 0, 35, 0, 31
pruned 0, 35, 0, 31
pruned 0, 35, 0, 31
pruned 0, 35, 0, 31
pruned 0, 35, 0, 31
pruned 0, 35, 0, 31
pruned 0, 35, 0, 31
pruned 0, 35, 0, 31
pruned 0, 35, 0, 31
pruned 0, 35, 0, 31
pruned 0, 35, 0, 31
pruned 0, 35, 0, 31
pruned 0, 35, 0, 31
pruned 0, 35, 0, 31
pruned 0, 35, 0, 31
pruned 0, 35, 0, 31
pruned 0, 35, 0, 31
pruned 0, 35, 0, 31
pruned 0, 35, 0, 31
pruned 0, 35, 0, 31
pruned 0, 35, 0, 31
pruned 0, 35, 0, 31
pruned 0, 35, 0, 31
pruned 0, 35, 0, 31
pruned 0, 35, 0, 31
pruned 0, 35, 0, 31
pruned 0, 35, 0, 31
pruned 0, 35, 0, 31
pruned 0, 35, 0, 31
pruned 0, 35, 0, 31
pruned 0, 35, 0, 31
pruned 0, 35, 0, 31
pruned 0, 35, 0, 31
pruned 0, 35, 0, 31
pruned 0, 35, 0, 31
pruned 0, 35, 0, 31
pruned 0, 35, 0, 31
pruned 0, 35, 0, 31
pruned 0, 35, 0, 31
5 success
id;load_trunc;select(d0 > d1 + -1);id;rot(-31,5,0):
[[0, 1, 2, 3, 4],
 [1, 2, 3, 4, 5],
 [2, 3, 4, 5, 6],
 [3, 4, 5, 6, 7],
 [4, 5, 6, 7, 8],
 [5, 6, 7, 8, 9],
 [6, 7, 8, 9, 10],
 [7, 8, 9, 10, 11],
 [8, 9, 10, 11, 12],
 [9, 10, 11, 12, 13],
 [10, 11, 12, 13, 14],
 [11, 12, 13, 14, 15],
 [12, 13, 14, 15, 16],
 [13, 14, 15, 16, 17],
 [14, 15, 16, 17, 18],
 [15, 16, 17, 18, 19],
 [16, 17, 18, 19, 20],
 [17, 18, 19, 20, 21],
 [18, 19, 20, 21, 22],
 [19, 20, 21, 22, 23],
 [20, 21, 22, 23, 24],
 [21, 22, 23, 24, 25],
 [22, 23, 24, 25, 26],
 [23, 24, 25, 26, 27],
 [24, 25, 26, 27, 28],
 [25, 26, 27, 28, 29],
 [26, 27, 28, 29, 30],
 [27, 28, 29, 30, 31],
 [28, 29, 30, 31, 32],
 [29, 30, 31, 32, 33],
 [30, 31, 32, 33, 34],
 [31, 32, 33, 34, 35]]
7 success
merge_fold[id;load_trunc;select(d0 > d1 + -1);id;rot(-31,5,0),id;broadcast;id];keep_if(d0 = d0 + 0):
[∑(∑(0, 36, ), ∑(1, 37, ), ∑(2, 38, ), ∑(3, 39, ), ∑(4, 40, ), ), ∑(∑(1, 36, ), ∑(2, 37, ), ∑(3, 38, ), ∑(4, 39, ), ∑(5, 40, ), ), ∑(∑(2, 36, ), ∑(3, 37, ), ∑(4, 38, ), ∑(5, 39, ), ∑(6, 40, ), ), ∑(∑(3, 36, ), ∑(4, 37, ), ∑(5, 38, ), ∑(6, 39, ), ∑(7, 40, ), ), ∑(∑(4, 36, ), ∑(5, 37, ), ∑(6, 38, ), ∑(7, 39, ), ∑(8, 40, ), ), ∑(∑(5, 36, ), ∑(6, 37, ), ∑(7, 38, ), ∑(8, 39, ), ∑(9, 40, ), ), ∑(∑(6, 36, ), ∑(7, 37, ), ∑(8, 38, ), ∑(9, 39, ), ∑(10, 40, ), ), ∑(∑(7, 36, ), ∑(8, 37, ), ∑(9, 38, ), ∑(10, 39, ), ∑(11, 40, ), ), ∑(∑(8, 36, ), ∑(9, 37, ), ∑(10, 38, ), ∑(11, 39, ), ∑(12, 40, ), ), ∑(∑(9, 36, ), ∑(10, 37, ), ∑(11, 38, ), ∑(12, 39, ), ∑(13, 40, ), ), ∑(∑(10, 36, ), ∑(11, 37, ), ∑(12, 38, ), ∑(13, 39, ), ∑(14, 40, ), ), ∑(∑(11, 36, ), ∑(12, 37, ), ∑(13, 38, ), ∑(14, 39, ), ∑(15, 40, ), ), ∑(∑(12, 36, ), ∑(13, 37, ), ∑(14, 38, ), ∑(15, 39, ), ∑(16, 40, ), ), ∑(∑(13, 36, ), ∑(14, 37, ), ∑(15, 38, ), ∑(16, 39, ), ∑(17, 40, ), ), ∑(∑(14, 36, ), ∑(15, 37, ), ∑(16, 38, ), ∑(17, 39, ), ∑(18, 40, ), ), ∑(∑(15, 36, ), ∑(16, 37, ), ∑(17, 38, ), ∑(18, 39, ), ∑(19, 40, ), ), ∑(∑(16, 36, ), ∑(17, 37, ), ∑(18, 38, ), ∑(19, 39, ), ∑(20, 40, ), ), ∑(∑(17, 36, ), ∑(18, 37, ), ∑(19, 38, ), ∑(20, 39, ), ∑(21, 40, ), ), ∑(∑(18, 36, ), ∑(19, 37, ), ∑(20, 38, ), ∑(21, 39, ), ∑(22, 40, ), ), ∑(∑(19, 36, ), ∑(20, 37, ), ∑(21, 38, ), ∑(22, 39, ), ∑(23, 40, ), ), ∑(∑(20, 36, ), ∑(21, 37, ), ∑(22, 38, ), ∑(23, 39, ), ∑(24, 40, ), ), ∑(∑(21, 36, ), ∑(22, 37, ), ∑(23, 38, ), ∑(24, 39, ), ∑(25, 40, ), ), ∑(∑(22, 36, ), ∑(23, 37, ), ∑(24, 38, ), ∑(25, 39, ), ∑(26, 40, ), ), ∑(∑(23, 36, ), ∑(24, 37, ), ∑(25, 38, ), ∑(26, 39, ), ∑(27, 40, ), ), ∑(∑(24, 36, ), ∑(25, 37, ), ∑(26, 38, ), ∑(27, 39, ), ∑(28, 40, ), ), ∑(∑(25, 36, ), ∑(26, 37, ), ∑(27, 38, ), ∑(28, 39, ), ∑(29, 40, ), ), ∑(∑(26, 36, ), ∑(27, 37, ), ∑(28, 38, ), ∑(29, 39, ), ∑(30, 40, ), ), ∑(∑(27, 36, ), ∑(28, 37, ), ∑(29, 38, ), ∑(30, 39, ), ∑(31, 40, ), ), ∑(∑(28, 36, ), ∑(29, 37, ), ∑(30, 38, ), ∑(31, 39, ), ∑(32, 40, ), ), ∑(∑(29, 36, ), ∑(30, 37, ), ∑(31, 38, ), ∑(32, 39, ), ∑(33, 40, ), ), ∑(∑(30, 36, ), ∑(31, 37, ), ∑(32, 38, ), ∑(33, 39, ), ∑(34, 40, ), ), ∑(∑(31, 36, ), ∑(32, 37, ), ∑(33, 38, ), ∑(34, 39, ), ∑(35, 40, ), )]
soln:merge_fold[id;load_trunc;select(d0 > d1 + -1);id;rot(-31,5,0),id;broadcast;id];keep_if(d0 = d0 + 0)
pruned 0, 35, 0, 31
pruned 0, 35, 0, 31
pruned 0, 35, 0, 31
pruned 0, 35, 0, 31
pruned 0, 35, 0, 31
pruned 0, 35, 0, 31
pruned 0, 35, 0, 31
pruned 0, 35, 0, 31
pruned 0, 35, 0, 31
pruned 0, 35, 0, 31
pruned 0, 35, 0, 31
pruned 0, 35, 0, 31
pruned 0, 35, 0, 31
pruned 0, 35, 0, 31
pruned 0, 35, 0, 31
pruned 0, 35, 0, 31
pruned 0, 35, 0, 31
pruned 0, 35, 0, 31
pruned 0, 35, 0, 31
pruned 0, 35, 0, 31
pruned 0, 35, 0, 31
pruned 0, 35, 0, 31
pruned 0, 35, 0, 31
pruned 0, 35, 0, 31
pruned 0, 35, 0, 31
pruned 0, 35, 0, 31
pruned 0, 35, 0, 31
pruned 0, 35, 0, 31
pruned 0, 35, 0, 31
pruned 0, 35, 0, 31
pruned 0, 35, 0, 31
pruned 0, 35, 0, 31
pruned 0, 35, 0, 31
pruned 0, 35, 0, 31
pruned 0, 35, 0, 31
pruned 0, 35, 0, 31
pruned 0, 35, 0, 31
pruned 0, 35, 0, 31
pruned 0, 35, 0, 31
pruned 0, 35, 0, 31
pruned 0, 35, 0, 31
pruned 0, 35, 0, 31
pruned 0, 35, 0, 31
pruned 0, 35, 0, 31
pruned 0, 35, 0, 31
pruned 0, 35, 0, 31
pruned 0, 35, 0, 31
pruned 0, 35, 0, 31
pruned 0, 35, 0, 31
pruned 0, 35, 0, 31
pruned 0, 35, 0, 31
pruned 0, 35, 0, 31
pruned 0, 35, 0, 31
pruned 0, 35, 0, 31
pruned 0, 35, 0, 31
pruned 0, 35, 0, 31
pruned 0, 35, 0, 31
pruned 0, 35, 0, 31
pruned 0, 35, 0, 31
pruned 0, 35, 0, 31
pruned 0, 35, 0, 31
pruned 0, 35, 0, 31
pruned 0, 35, 0, 31
pruned 0, 35, 0, 31
pruned 0, 35, 0, 31
pruned 0, 35, 0, 31
pruned 0, 35, 0, 31
pruned 0, 35, 0, 31
pruned 0, 35, 0, 31
pruned 0, 35, 0, 31
pruned 0, 35, 0, 31
pruned 0, 35, 0, 31
pruned 0, 35, 0, 31
pruned 0, 35, 0, 31
pruned 0, 35, 0, 31
pruned 0, 35, 0, 31
pruned 0, 35, 0, 31
pruned 0, 35, 0, 31
pruned 0, 35, 0, 31
pruned 0, 35, 0, 31
pruned 0, 35, 0, 31
pruned 0, 35, 0, 31
pruned 0, 35, 0, 31
pruned 0, 35, 0, 31
pruned 0, 35, 0, 31
pruned 0, 35, 0, 31
pruned 0, 35, 0, 31
pruned 0, 35, 0, 31
pruned 0, 35, 0, 31
pruned 0, 35, 0, 31
pruned 0, 35, 0, 31
pruned 0, 35, 0, 31
pruned 0, 35, 0, 31
pruned 0, 35, 0, 31
pruned 0, 35, 0, 31
pruned 0, 35, 0, 31
pruned 0, 35, 0, 31
pruned 0, 35, 0, 31
pruned 0, 35, 0, 31
pruned 0, 35, 0, 31
pruned 0, 35, 0, 31
pruned 0, 35, 0, 31
pruned 0, 35, 0, 31
pruned 0, 35, 0, 31
pruned 0, 35, 0, 31
pruned 0, 35, 0, 31
pruned 0, 35, 0, 31
pruned 0, 35, 0, 31
pruned 0, 35, 0, 31
pruned 0, 35, 0, 31
pruned 0, 35, 0, 31
pruned 0, 35, 0, 31
pruned 0, 35, 0, 31
pruned 0, 35, 0, 31
pruned 0, 35, 0, 31
pruned 0, 35, 0, 31
pruned 0, 35, 0, 31
pruned 0, 35, 0, 31
pruned 0, 35, 0, 31
pruned 0, 35, 0, 31
pruned 0, 35, 0, 31
pruned 0, 35, 0, 31
pruned 0, 35, 0, 31
pruned 0, 35, 0, 31
pruned 0, 35, 0, 31
pruned 0, 35, 0, 31
pruned 0, 35, 0, 31
pruned 0, 35, 0, 31
pruned 0, 35, 0, 31
pruned 0, 35, 0, 31
pruned 0, 35, 0, 31
pruned 0, 35, 0, 31
pruned 0, 35, 0, 31
pruned 0, 35, 0, 31
pruned 0, 35, 0, 31
pruned 0, 35, 0, 31
pruned 0, 35, 0, 31
pruned 0, 35, 0, 31
pruned 0, 35, 0, 31
pruned 0, 35, 0, 31
pruned 0, 35, 0, 31
pruned 0, 35, 0, 31
pruned 0, 35, 0, 31
pruned 0, 35, 0, 31
pruned 0, 35, 0, 31
pruned 0, 35, 0, 31
pruned 0, 35, 0, 31
pruned 0, 35, 0, 31
pruned 0, 35, 0, 31
pruned 0, 35, 0, 31
pruned 0, 35, 0, 31
pruned 0, 35, 0, 31
pruned 0, 35, 0, 31
pruned 0, 35, 0, 31
pruned 0, 35, 0, 31
pruned 0, 35, 0, 31
pruned 0, 35, 0, 31
pruned 0, 35, 0, 31
pruned 0, 35, 0, 31
pruned 0, 35, 0, 31
pruned 0, 35, 0, 31
pruned 0, 35, 0, 31
pruned 0, 35, 0, 31
pruned 0, 35, 0, 31
pruned 0, 35, 0, 31
pruned 0, 35, 0, 31
pruned 0, 35, 0, 31
pruned 0, 35, 0, 31
pruned 0, 35, 0, 31
pruned 0, 35, 0, 31
pruned 0, 35, 0, 31
pruned 0, 35, 0, 31
stats:0 (load_trunc) tested(1), found(0), failed(0), pruned(0), continued(1)
stats:1 (broadcast) tested(1), found(0), failed(0), pruned(0), continued(1)
stats:2 (identity) tested(1), found(0), failed(0), pruned(0), continued(1)
stats:3 (select_item) tested(16), found(0), failed(0), pruned(15), continued(1)
stats:4 (col_fans_no_group) tested(1023), found(0), failed(0), pruned(608), continued(415)
stats:5 (col_rots_no_group) tested(424960), found(0), failed(0), pruned(424959), continued(1)
stats:6 (merge_folding) tested(1), found(0), failed(0), pruned(0), continued(1)
stats:7 (cond_keep) tested(16), found(0), failed(15), pruned(0), continued(1)
stats:8 ([last]) tested(1), found(1), failed(0), pruned(0), continued(0)
search:weight_conv shape([32]) true mode(All) [5.220267516]
